0 0.158 0.201 0.037 0.075
0 0.382 0.205 0.105 0.404
0 0.244 0.252 0.071 0.104
0 0.462 0.360 0.017 0.028
0 0.448 0.083 0.041 0.060
0 0.460 0.128 0.028 0.028
0 0.498 0.151 0.043 0.051
0 0.576 0.305 0.037 0.067
0 0.491 0.475 0.063 0.108
0 0.600 0.426 0.027 0.045
0 0.499 0.546 0.027 0.029
0 0.538 0.612 0.049 0.059
0 0.474 0.633 0.046 0.081
0 0.499 0.956 0.036 0.049
0 0.475 0.944 0.010 0.016
0 0.532 0.845 0.060 0.059
0 0.582 0.816 0.026 0.028
0 0.588 0.727 0.017 0.020
0 0.380 0.623 0.132 0.204
0 0.519 0.210 0.036 0.045
0 0.557 0.211 0.027 0.048
0 0.499 0.230 0.014 0.027
0 0.436 0.015 0.028 0.029
