0 0.419 0.030 0.011 0.019
0 0.364 0.213 0.015 0.021
0 0.349 0.335 0.012 0.017
0 0.344 0.346 0.008 0.014
0 0.399 0.358 0.009 0.015
0 0.422 0.336 0.008 0.015
0 0.422 0.366 0.015 0.016
0 0.408 0.380 0.019 0.024
0 0.401 0.389 0.011 0.015
0 0.426 0.477 0.022 0.033
0 0.409 0.483 0.007 0.014
0 0.407 0.498 0.015 0.017
0 0.407 0.586 0.023 0.031
0 0.320 0.647 0.012 0.022
0 0.310 0.693 0.014 0.025
0 0.430 0.736 0.008 0.010
0 0.088 0.917 0.011 0.013
0 0.282 0.926 0.007 0.008
0 0.345 0.771 0.008 0.015
0 0.350 0.848 0.013 0.019
0 0.406 0.848 0.018 0.024
0 0.410 0.884 0.017 0.019
0 0.809 0.625 0.013 0.016
0 0.514 0.532 0.036 0.036
0 0.542 0.473 0.010 0.013
0 0.527 0.269 0.036 0.040
0 0.730 0.278 0.011 0.018
0 0.518 0.158 0.016 0.020
0 0.611 0.191 0.016 0.020
0 0.784 0.105 0.008 0.012
0 0.911 0.034 0.009 0.014
0 0.977 0.081 0.020 0.029
0 0.878 0.203 0.015 0.019
0 0.664 0.987 0.006 0.012
0 0.678 0.764 0.010 0.016
