0 0.340 0.451 0.101 0.150
0 0.413 0.379 0.064 0.080
0 0.480 0.369 0.068 0.075
0 0.423 0.340 0.010 0.011
0 0.432 0.327 0.012 0.013
0 0.459 0.257 0.021 0.019
0 0.399 0.141 0.038 0.046
0 0.348 0.156 0.008 0.009
0 0.340 0.029 0.012 0.013
0 0.444 0.568 0.094 0.130
0 0.495 0.691 0.091 0.136
0 0.015 0.788 0.013 0.022
0 0.052 0.657 0.087 0.130
0 0.046 0.587 0.011 0.020
0 0.034 0.232 0.019 0.028
0 0.342 0.585 0.015 0.026
0 0.243 0.660 0.008 0.011
0 0.631 0.908 0.010 0.013
0 0.707 0.933 0.030 0.044
0 0.721 0.315 0.140 0.216
0 0.605 0.221 0.007 0.010
0 0.608 0.142 0.013 0.016
