1 0.428 0.055 0.018 0.033
0 0.339 0.281 0.009 0.015
0 0.353 0.443 0.014 0.023
0 0.335 0.506 0.021 0.020
1 0.315 0.575 0.022 0.032
1 0.331 0.630 0.023 0.025
0 0.299 0.734 0.008 0.015
0 0.369 0.744 0.017 0.025
0 0.535 0.443 0.022 0.026
0 0.141 0.955 0.012 0.016
0 0.254 0.983 0.014 0.016
1 0.253 0.969 0.018 0.029
1 0.257 0.939 0.023 0.031
0 0.248 0.914 0.011 0.015
0 0.431 0.885 0.017 0.020
0 0.471 0.993 0.015 0.014
0 0.565 0.782 0.018 0.020
0 0.635 0.882 0.009 0.012
0 0.657 0.918 0.009 0.016
0 0.739 0.923 0.014 0.024
0 0.660 0.773 0.014 0.031
0 0.715 0.791 0.007 0.009
0 0.548 0.596 0.016 0.016
1 0.476 0.615 0.028 0.021
0 0.569 0.018 0.015 0.030
0 0.916 0.077 0.015 0.022
0 0.969 0.023 0.013 0.018
0 0.861 0.298 0.009 0.010
0 0.837 0.490 0.013 0.018
0 0.825 0.717 0.006 0.012
0 0.968 0.630 0.007 0.014
0 0.841 0.854 0.009 0.011
1 0.939 0.901 0.021 0.023
0 0.569 0.046 0.013 0.019
0 0.859 0.288 0.008 0.010
0 0.928 0.995 0.008 0.009
