2 0.458 0.433 0.064 0.094
2 0.417 0.476 0.032 0.046
2 0.469 0.561 0.053 0.074
1 0.513 0.496 0.032 0.062
1 0.570 0.478 0.022 0.026
2 0.546 0.525 0.046 0.073
1 0.559 0.554 0.025 0.030
1 0.541 0.570 0.035 0.029
1 0.572 0.625 0.034 0.056
1 0.606 0.645 0.040 0.055
1 0.601 0.702 0.036 0.059
1 0.608 0.765 0.029 0.040
1 0.641 0.765 0.025 0.028
0 0.503 0.750 0.012 0.015
0 0.342 0.627 0.008 0.015
0 0.339 0.594 0.011 0.012
0 0.322 0.589 0.015 0.015
0 0.302 0.584 0.010 0.018
0 0.337 0.522 0.012 0.016
1 0.317 0.478 0.031 0.045
1 0.287 0.522 0.031 0.039
2 0.409 0.267 0.038 0.046
0 0.394 0.225 0.006 0.011
0 0.405 0.086 0.005 0.012
0 0.395 0.062 0.005 0.011
0 0.466 0.113 0.007 0.013
0 0.522 0.078 0.011 0.013
2 0.683 0.041 0.031 0.054
