0 0.024 0.019 0.009 0.011
0 0.040 0.067 0.010 0.014
0 0.165 0.064 0.011 0.020
0 0.077 0.179 0.016 0.024
1 0.345 0.067 0.021 0.025
0 0.596 0.103 0.013 0.015
0 0.606 0.125 0.017 0.023
0 0.427 0.239 0.009 0.018
0 0.265 0.321 0.016 0.022
0 0.136 0.588 0.010 0.015
0 0.230 0.615 0.017 0.017
0 0.234 0.642 0.009 0.013
0 0.278 0.503 0.015 0.020
0 0.275 0.535 0.013 0.013
0 0.313 0.502 0.011 0.017
0 0.304 0.597 0.011 0.015
0 0.380 0.603 0.010 0.016
1 0.034 0.767 0.014 0.025
0 0.140 0.746 0.016 0.017
0 0.160 0.830 0.012 0.011
0 0.517 0.614 0.012 0.019
1 0.505 0.543 0.031 0.025
0 0.575 0.490 0.010 0.015
0 0.660 0.556 0.018 0.023
0 0.904 0.952 0.010 0.008
0 0.958 0.756 0.014 0.020
1 0.957 0.658 0.016 0.028
1 0.770 0.489 0.018 0.042
0 0.810 0.438 0.011 0.015
0 0.738 0.271 0.017 0.020
0 0.938 0.343 0.007 0.011
0 0.939 0.325 0.008 0.017
0 0.929 0.299 0.008 0.014
0 0.811 0.116 0.010 0.011
0 0.797 0.092 0.010 0.017
1 0.898 0.126 0.014 0.019
0 0.974 0.199 0.011 0.018
0 0.930 0.069 0.015 0.018
0 0.084 0.346 0.008 0.011
0 0.181 0.606 0.008 0.010
0 0.148 0.772 0.007 0.009
1 0.279 0.715 0.012 0.020
0 0.326 0.638 0.007 0.012
0 0.599 0.626 0.011 0.010
0 0.811 0.267 0.007 0.012
0 0.908 0.199 0.005 0.010
0 0.957 0.521 0.008 0.009
0 0.958 0.638 0.006 0.010
0 0.931 0.986 0.005 0.010
0 0.819 0.796 0.007 0.012
0 0.814 0.801 0.006 0.009
