0 0.286 0.041 0.009 0.016
0 0.750 0.028 0.008 0.013
1 0.803 0.069 0.013 0.035
0 0.814 0.088 0.007 0.006
0 0.956 0.064 0.010 0.010
0 0.987 0.185 0.006 0.009
0 0.766 0.192 0.012 0.014
0 0.750 0.193 0.016 0.020
0 0.770 0.286 0.008 0.011
0 0.774 0.326 0.012 0.010
1 0.811 0.259 0.018 0.028
0 0.856 0.242 0.005 0.010
0 0.836 0.320 0.011 0.011
0 0.861 0.301 0.010 0.015
0 0.871 0.302 0.009 0.012
0 0.884 0.294 0.008 0.011
0 0.938 0.296 0.008 0.012
0 0.907 0.339 0.007 0.010
0 0.930 0.334 0.010 0.011
5 0.899 0.360 0.018 0.028
0 0.957 0.377 0.008 0.014
1 0.966 0.388 0.015 0.019
0 0.947 0.448 0.010 0.010
0 0.964 0.483 0.010 0.014
1 0.715 0.634 0.021 0.025
0 0.831 0.588 0.012 0.017
0 0.576 0.663 0.008 0.010
0 0.490 0.386 0.010 0.013
0 0.527 0.330 0.011 0.012
0 0.484 0.438 0.010 0.012
0 0.526 0.441 0.007 0.010
0 0.535 0.444 0.009 0.020
0 0.531 0.470 0.015 0.015
0 0.528 0.500 0.011 0.015
1 0.585 0.291 0.012 0.016
0 0.190 0.435 0.009 0.011
0 0.181 0.500 0.007 0.010
0 0.035 0.502 0.012 0.012
0 0.130 0.592 0.010 0.016
1 0.144 0.594 0.019 0.025
0 0.244 0.707 0.011 0.015
0 0.130 0.729 0.007 0.008
0 0.231 0.894 0.009 0.015
0 0.420 0.680 0.010 0.015
0 0.947 0.457 0.011 0.013
