2 0.051 0.194 0.101 0.140
1 0.132 0.295 0.015 0.014
1 0.092 0.383 0.018 0.017
1 0.027 0.307 0.019 0.020
1 0.174 0.220 0.031 0.040
1 0.201 0.256 0.016 0.031
1 0.186 0.298 0.020 0.033
1 0.184 0.405 0.014 0.015
1 0.250 0.425 0.017 0.030
2 0.269 0.367 0.070 0.104
1 0.330 0.286 0.022 0.027
0 0.354 0.376 0.011 0.015
1 0.382 0.438 0.024 0.037
0 0.414 0.435 0.007 0.017
3 0.343 0.543 0.070 0.106
0 0.302 0.548 0.012 0.016
2 0.376 0.660 0.039 0.043
0 0.325 0.677 0.010 0.010
1 0.451 0.762 0.021 0.022
0 0.430 0.844 0.012 0.018
0 0.423 0.859 0.010 0.014
2 0.420 0.945 0.068 0.103
2 0.485 0.907 0.070 0.100
0 0.599 0.683 0.006 0.013
1 0.595 0.600 0.012 0.019
0 0.536 0.359 0.007 0.020
0 0.577 0.220 0.011 0.012
0 0.665 0.361 0.013 0.017
7 0.727 0.806 0.157 0.223
1 0.985 0.120 0.025 0.026
