4 0.049 0.157 0.052 0.069
1 0.188 0.260 0.025 0.029
3 0.266 0.073 0.033 0.067
6 0.412 0.284 0.076 0.164
1 0.121 0.435 0.012 0.018
5 0.164 0.547 0.081 0.100
3 0.041 0.559 0.067 0.066
1 0.119 0.881 0.032 0.055
5 0.351 0.815 0.057 0.099
2 0.313 0.877 0.045 0.077
2 0.324 0.963 0.055 0.071
7 0.740 0.541 0.259 0.348
2 0.567 0.600 0.049 0.073
3 0.491 0.458 0.077 0.105
1 0.408 0.474 0.019 0.034
5 0.370 0.495 0.059 0.065
7 0.500 0.127 0.186 0.253
6 0.706 0.147 0.158 0.292
1 0.594 0.275 0.013 0.015
5 0.781 0.844 0.057 0.112
