0 0.334 0.062 0.011 0.011
1 0.376 0.137 0.023 0.026
0 0.547 0.209 0.012 0.022
0 0.408 0.228 0.012 0.015
0 0.290 0.241 0.015 0.025
0 0.230 0.522 0.008 0.015
0 0.102 0.627 0.017 0.023
0 0.198 0.708 0.011 0.015
1 0.250 0.604 0.018 0.032
0 0.281 0.554 0.013 0.019
0 0.326 0.602 0.011 0.013
0 0.330 0.583 0.017 0.020
0 0.238 0.832 0.014 0.020
1 0.214 0.898 0.019 0.033
0 0.214 0.971 0.007 0.015
0 0.212 0.989 0.014 0.015
0 0.273 0.965 0.016 0.025
1 0.295 0.976 0.023 0.048
0 0.363 0.883 0.010 0.018
0 0.390 0.882 0.008 0.021
0 0.409 0.905 0.012 0.015
0 0.432 0.913 0.009 0.013
0 0.456 0.892 0.012 0.012
0 0.450 0.872 0.010 0.014
1 0.530 0.806 0.013 0.022
0 0.515 0.743 0.013 0.018
1 0.500 0.740 0.016 0.023
0 0.509 0.725 0.014 0.021
0 0.798 0.973 0.012 0.015
1 0.673 0.765 0.010 0.016
0 0.630 0.689 0.010 0.013
1 0.695 0.623 0.021 0.030
0 0.691 0.556 0.012 0.032
1 0.639 0.502 0.018 0.031
1 0.596 0.487 0.026 0.029
0 0.801 0.460 0.011 0.019
0 0.785 0.434 0.014 0.021
0 0.687 0.422 0.008 0.010
0 0.765 0.389 0.010 0.014
0 0.704 0.381 0.011 0.015
0 0.718 0.171 0.007 0.011
0 0.573 0.203 0.016 0.020
0 0.904 0.128 0.006 0.008
0 0.976 0.081 0.008 0.011
0 0.893 0.123 0.010 0.016
1 0.823 0.312 0.018 0.027
0 0.903 0.444 0.013 0.015
0 0.926 0.644 0.007 0.015
0 0.893 0.913 0.005 0.021
0 0.892 0.929 0.014 0.014
0 0.884 0.912 0.012 0.021
0 0.116 0.472 0.009 0.016
0 0.282 0.544 0.009 0.010
0 0.743 0.871 0.005 0.011
0 0.326 0.741 0.011 0.015
0 0.313 0.822 0.005 0.012
