6 0.664 0.587 0.113 0.143
1 0.598 0.825 0.012 0.014
1 0.471 0.598 0.010 0.022
0 0.621 0.446 0.009 0.011
0 0.669 0.306 0.009 0.010
0 0.713 0.448 0.007 0.008
0 0.695 0.213 0.009 0.011
1 0.692 0.202 0.011 0.013
0 0.694 0.137 0.008 0.012
1 0.568 0.415 0.017 0.016
0 0.454 0.339 0.008 0.015
1 0.435 0.136 0.012 0.018
0 0.443 0.114 0.006 0.013
1 0.383 0.207 0.015 0.016
2 0.415 0.307 0.017 0.025
1 0.431 0.365 0.017 0.020
2 0.365 0.983 0.023 0.035
1 0.347 0.910 0.012 0.017
4 0.258 0.925 0.072 0.096
2 0.336 0.817 0.023 0.032
3 0.191 0.701 0.030 0.046
2 0.213 0.748 0.020 0.030
2 0.192 0.794 0.022 0.038
3 0.128 0.819 0.037 0.047
1 0.140 0.767 0.014 0.023
2 0.087 0.843 0.017 0.022
1 0.173 0.896 0.015 0.016
1 0.086 0.933 0.010 0.016
1 0.076 0.934 0.009 0.017
2 0.092 0.954 0.032 0.035
2 0.065 0.982 0.020 0.025
1 0.050 0.976 0.012 0.027
2 0.036 0.906 0.031 0.035
2 0.036 0.752 0.022 0.018
6 0.062 0.688 0.123 0.130
4 0.020 0.558 0.040 0.085
2 0.955 0.140 0.022 0.020
0 0.994 0.285 0.007 0.010
1 0.975 0.257 0.012 0.028
0 0.977 0.273 0.009 0.015
1 0.989 0.253 0.015 0.015
0 0.988 0.265 0.007 0.011
0 0.595 0.784 0.008 0.011
1 0.397 0.990 0.008 0.020
