0 0.613 0.069 0.007 0.012
1 0.605 0.069 0.012 0.018
1 0.615 0.085 0.012 0.016
1 0.557 0.178 0.012 0.017
0 0.749 0.120 0.007 0.010
0 0.790 0.361 0.009 0.010
0 0.874 0.389 0.008 0.012
2 0.874 0.477 0.020 0.024
1 0.722 0.508 0.013 0.017
0 0.721 0.529 0.010 0.012
0 0.805 0.541 0.009 0.012
0 0.848 0.587 0.009 0.010
0 0.788 0.593 0.008 0.010
1 0.778 0.610 0.013 0.017
1 0.712 0.672 0.009 0.016
2 0.702 0.687 0.027 0.024
0 0.694 0.744 0.008 0.009
0 0.679 0.737 0.008 0.013
0 0.703 0.753 0.006 0.017
2 0.664 0.767 0.016 0.026
2 0.706 0.834 0.022 0.029
1 0.746 0.760 0.011 0.021
0 0.766 0.790 0.007 0.010
1 0.771 0.835 0.014 0.022
2 0.760 0.876 0.018 0.028
1 0.781 0.945 0.010 0.017
0 0.887 0.765 0.008 0.015
0 0.885 0.806 0.008 0.012
0 0.901 0.817 0.011 0.012
1 0.915 0.849 0.014 0.014
1 0.888 0.905 0.014 0.020
0 0.876 0.902 0.008 0.009
1 0.858 0.894 0.011 0.015
0 0.487 0.829 0.006 0.013
0 0.479 0.790 0.008 0.013
1 0.438 0.816 0.012 0.015
1 0.210 0.915 0.008 0.018
2 0.207 0.759 0.014 0.025
0 0.274 0.693 0.008 0.016
1 0.274 0.634 0.013 0.016
1 0.214 0.632 0.010 0.016
0 0.539 0.537 0.007 0.013
1 0.160 0.635 0.010 0.016
2 0.171 0.560 0.017 0.028
1 0.199 0.536 0.014 0.020
2 0.263 0.537 0.027 0.024
1 0.198 0.506 0.013 0.015
0 0.193 0.472 0.008 0.012
2 0.262 0.429 0.024 0.026
2 0.204 0.426 0.013 0.036
0 0.471 0.175 0.008 0.011
0 0.532 0.123 0.009 0.015
0 0.405 0.022 0.008 0.013
1 0.014 0.016 0.011 0.015
1 0.061 0.017 0.012 0.017
1 0.106 0.019 0.017 0.015
0 0.105 0.037 0.009 0.012
2 0.040 0.065 0.017 0.027
1 0.121 0.139 0.010 0.015
1 0.264 0.077 0.015 0.020
0 0.011 0.168 0.010 0.013
0 0.158 0.251 0.007 0.010
1 0.170 0.237 0.009 0.016
0 0.191 0.221 0.008 0.016
0 0.208 0.230 0.010 0.013
0 0.227 0.224 0.008 0.011
1 0.238 0.191 0.012 0.013
0 0.245 0.202 0.008 0.012
1 0.061 0.245 0.015 0.021
2 0.048 0.302 0.018 0.034
1 0.103 0.328 0.014 0.020
2 0.122 0.329 0.022 0.047
0 0.128 0.358 0.011 0.011
1 0.139 0.374 0.011 0.022
2 0.154 0.333 0.015 0.026
1 0.190 0.361 0.015 0.015
1 0.057 0.375 0.011 0.019
0 0.069 0.419 0.008 0.009
1 0.118 0.456 0.015 0.020
0 0.135 0.506 0.010 0.010
1 0.012 0.465 0.011 0.016
1 0.140 0.523 0.013 0.017
1 0.132 0.535 0.012 0.019
1 0.011 0.611 0.008 0.018
2 0.066 0.663 0.020 0.026
1 0.129 0.701 0.013 0.018
2 0.093 0.740 0.015 0.028
2 0.036 0.762 0.020 0.020
2 0.053 0.841 0.023 0.024
2 0.016 0.888 0.020 0.035
2 0.100 0.833 0.020 0.025
1 0.113 0.841 0.012 0.020
0 0.118 0.962 0.007 0.016
1 0.112 0.981 0.013 0.020
2 0.186 0.902 0.014 0.025
1 0.169 0.980 0.010 0.019
2 0.155 0.977 0.014 0.025
0 0.697 0.776 0.009 0.015
0 0.786 0.990 0.007 0.009
0 0.056 0.358 0.006 0.014
0 0.121 0.209 0.005 0.011
0 0.202 0.530 0.007 0.013
0 0.004 0.612 0.006 0.011
0 0.809 0.238 0.009 0.015
0 0.568 0.702 0.008 0.015
0 0.595 0.690 0.007 0.010
1 0.270 0.060 0.012 0.018
1 0.277 0.074 0.013 0.015
1 0.293 0.103 0.011 0.017
0 0.079 0.995 0.009 0.009
0 0.283 0.986 0.010 0.009
