2 0.335 0.935 0.016 0.029
5 0.438 0.925 0.096 0.136
6 0.335 0.814 0.103 0.157
4 0.413 0.738 0.068 0.095
4 0.485 0.725 0.070 0.082
0 0.427 0.674 0.008 0.012
1 0.459 0.600 0.018 0.016
3 0.405 0.468 0.040 0.040
0 0.353 0.472 0.009 0.010
4 0.389 0.333 0.068 0.100
0 0.349 0.342 0.011 0.010
1 0.254 0.179 0.014 0.013
2 0.312 0.210 0.018 0.029
4 0.340 0.151 0.063 0.097
2 0.437 0.262 0.022 0.037
2 0.406 0.105 0.022 0.025
1 0.418 0.197 0.010 0.015
3 0.209 0.097 0.036 0.037
2 0.269 0.081 0.019 0.030
2 0.287 0.043 0.018 0.024
2 0.265 0.010 0.027 0.020
1 0.718 0.260 0.013 0.017
0 0.713 0.206 0.008 0.008
0 0.772 0.327 0.005 0.010
3 0.659 0.679 0.032 0.039
6 0.725 0.687 0.138 0.222
1 0.620 0.470 0.014 0.018
0 0.377 0.685 0.010 0.007
0 0.468 0.268 0.007 0.017
