3 0.289 0.387 0.030 0.045
3 0.292 0.615 0.048 0.060
2 0.301 0.501 0.023 0.032
2 0.308 0.455 0.014 0.025
3 0.368 0.602 0.037 0.052
2 0.401 0.625 0.037 0.026
3 0.507 0.680 0.034 0.035
3 0.504 0.652 0.024 0.050
2 0.576 0.632 0.018 0.028
2 0.584 0.614 0.026 0.026
1 0.620 0.773 0.013 0.018
2 0.613 0.832 0.017 0.021
0 0.620 0.814 0.008 0.014
2 0.508 0.544 0.023 0.041
2 0.530 0.389 0.016 0.033
0 0.468 0.319 0.008 0.010
1 0.322 0.182 0.013 0.012
1 0.512 0.098 0.009 0.017
0 0.428 0.254 0.005 0.007
0 0.429 0.227 0.005 0.010
