6 0.155 0.811 0.126 0.164
1 0.196 0.961 0.012 0.018
1 0.237 0.462 0.010 0.024
2 0.241 0.278 0.018 0.021
0 0.040 0.258 0.010 0.012
3 0.025 0.022 0.036 0.044
6 0.167 0.059 0.194 0.116
5 0.509 0.257 0.092 0.137
6 0.420 0.217 0.138 0.194
6 0.350 0.362 0.118 0.146
4 0.358 0.496 0.050 0.067
1 0.447 0.427 0.010 0.015
1 0.366 0.602 0.015 0.022
1 0.357 0.693 0.011 0.017
1 0.316 0.868 0.011 0.018
1 0.435 0.941 0.011 0.017
0 0.400 0.862 0.010 0.012
3 0.534 0.902 0.039 0.055
3 0.585 0.799 0.034 0.065
2 0.646 0.839 0.020 0.043
1 0.584 0.582 0.013 0.021
1 0.576 0.405 0.009 0.020
0 0.579 0.425 0.008 0.010
1 0.602 0.432 0.009 0.016
1 0.671 0.022 0.011 0.014
0 0.657 0.025 0.011 0.009
