2 0.548 0.320 0.024 0.037
1 0.351 0.046 0.014 0.020
2 0.415 0.033 0.019 0.024
2 0.414 0.278 0.018 0.041
2 0.545 0.238 0.020 0.028
0 0.566 0.164 0.008 0.011
1 0.570 0.193 0.009 0.018
0 0.596 0.212 0.008 0.010
1 0.641 0.107 0.011 0.016
0 0.660 0.090 0.007 0.010
2 0.672 0.086 0.012 0.032
1 0.816 0.109 0.011 0.017
0 0.851 0.146 0.007 0.014
2 0.854 0.177 0.016 0.027
0 0.918 0.147 0.008 0.015
1 0.836 0.227 0.013 0.021
1 0.809 0.254 0.009 0.019
0 0.715 0.166 0.007 0.013
0 0.745 0.263 0.007 0.011
0 0.816 0.272 0.010 0.011
0 0.891 0.267 0.009 0.015
1 0.816 0.290 0.011 0.016
0 0.798 0.315 0.010 0.012
1 0.736 0.307 0.011 0.014
0 0.876 0.452 0.010 0.010
0 0.901 0.436 0.009 0.014
0 0.656 0.314 0.008 0.013
1 0.695 0.321 0.011 0.015
0 0.631 0.344 0.009 0.015
1 0.656 0.355 0.007 0.022
0 0.589 0.492 0.006 0.008
1 0.559 0.498 0.010 0.023
0 0.563 0.516 0.007 0.009
3 0.532 0.532 0.032 0.044
1 0.510 0.485 0.012 0.021
2 0.464 0.518 0.022 0.032
0 0.174 0.287 0.006 0.014
0 0.044 0.496 0.010 0.013
1 0.076 0.448 0.012 0.014
1 0.115 0.467 0.012 0.017
1 0.162 0.493 0.013 0.015
1 0.159 0.506 0.015 0.015
2 0.144 0.615 0.018 0.029
3 0.093 0.638 0.036 0.054
1 0.169 0.670 0.009 0.019
1 0.216 0.612 0.014 0.020
1 0.231 0.616 0.010 0.017
0 0.240 0.733 0.005 0.008
0 0.339 0.664 0.008 0.013
1 0.403 0.785 0.012 0.026
2 0.417 0.926 0.014 0.028
2 0.123 0.871 0.017 0.038
1 0.099 0.956 0.013 0.024
1 0.124 0.993 0.019 0.015
1 0.530 0.717 0.015 0.014
1 0.528 0.729 0.013 0.022
2 0.536 0.779 0.016 0.023
2 0.625 0.974 0.021 0.023
1 0.819 0.801 0.014 0.020
2 0.919 0.792 0.013 0.031
2 0.875 0.675 0.022 0.026
1 0.077 0.378 0.011 0.015
1 0.527 0.188 0.013 0.024
1 0.527 0.171 0.013 0.013
0 0.534 0.310 0.007 0.015
0 0.537 0.295 0.008 0.012
2 0.417 0.926 0.014 0.028
0 0.632 0.337 0.007 0.008
