1 0.306 0.015 0.016 0.018
1 0.362 0.042 0.017 0.010
2 0.352 0.015 0.031 0.030
1 0.380 0.095 0.012 0.013
1 0.460 0.007 0.013 0.013
2 0.431 0.084 0.019 0.029
2 0.437 0.195 0.019 0.028
0 0.453 0.216 0.009 0.012
1 0.034 0.541 0.014 0.017
1 0.461 0.465 0.013 0.017
2 0.471 0.527 0.023 0.029
2 0.439 0.561 0.024 0.034
1 0.722 0.859 0.014 0.020
1 0.840 0.834 0.012 0.016
1 0.727 0.702 0.014 0.019
1 0.979 0.596 0.011 0.015
1 0.969 0.580 0.014 0.020
1 0.794 0.480 0.011 0.014
1 0.648 0.530 0.016 0.015
0 0.654 0.421 0.009 0.010
1 0.613 0.410 0.012 0.015
0 0.574 0.081 0.007 0.010
1 0.614 0.010 0.012 0.015
0 0.918 0.030 0.007 0.011
