0 0.413 0.176 0.009 0.018
2 0.771 0.133 0.177 0.265
0 0.833 0.391 0.020 0.021
1 0.980 0.574 0.040 0.062
0 0.984 0.674 0.017 0.020
2 0.885 0.932 0.112 0.135
1 0.832 0.928 0.033 0.049
0 0.746 0.783 0.014 0.020
1 0.468 0.900 0.054 0.072
0 0.498 0.960 0.009 0.014
0 0.409 0.937 0.020 0.030
0 0.384 0.922 0.014 0.027
1 0.343 0.529 0.048 0.074
2 0.488 0.426 0.304 0.293
1 0.594 0.188 0.027 0.036
0 0.994 0.947 0.009 0.019
0 0.704 0.969 0.004 0.008
1 0.610 0.985 0.049 0.029
0 0.529 0.864 0.020 0.016
0 0.496 0.731 0.008 0.010
