0 0.258 0.020 0.014 0.015
0 0.439 0.134 0.015 0.022
0 0.533 0.250 0.019 0.047
0 0.620 0.113 0.009 0.010
0 0.972 0.218 0.016 0.023
0 0.993 0.598 0.014 0.034
0 0.965 0.652 0.011 0.015
0 0.454 0.396 0.024 0.031
0 0.530 0.446 0.028 0.040
0 0.501 0.560 0.020 0.034
0 0.458 0.605 0.024 0.026
0 0.425 0.524 0.012 0.012
0 0.423 0.487 0.008 0.011
0 0.397 0.542 0.011 0.015
0 0.350 0.356 0.015 0.021
0 0.356 0.425 0.011 0.019
0 0.154 0.353 0.010 0.016
0 0.137 0.571 0.009 0.011
0 0.430 0.763 0.009 0.018
0 0.438 0.780 0.006 0.013
0 0.535 0.837 0.013 0.025
0 0.587 0.855 0.009 0.013
0 0.635 0.972 0.010 0.012
0 0.018 0.473 0.010 0.013
