1 0.793 0.551 0.178 0.231
1 0.723 0.616 0.050 0.061
1 0.786 0.734 0.049 0.069
1 0.896 0.794 0.178 0.154
1 0.843 0.892 0.092 0.117
0 0.814 0.847 0.029 0.029
1 0.837 0.688 0.038 0.083
0 0.644 0.625 0.015 0.024
0 0.611 0.650 0.011 0.022
0 0.421 0.296 0.020 0.028
0 0.401 0.276 0.014 0.027
1 0.302 0.543 0.101 0.155
0 0.471 0.793 0.011 0.018
0 0.469 0.700 0.011 0.013
0 0.497 0.405 0.015 0.023
0 0.649 0.562 0.008 0.013
1 0.827 0.292 0.044 0.055
1 0.863 0.273 0.101 0.155
0 0.967 0.115 0.015 0.020
0 0.967 0.338 0.012 0.017
0 0.923 0.598 0.005 0.010
0 0.953 0.947 0.010 0.017
0 0.926 0.913 0.010 0.020
0 0.567 0.699 0.009 0.011
0 0.506 0.336 0.007 0.012
1 0.609 0.322 0.048 0.048
0 0.584 0.175 0.006 0.012
0 0.584 0.770 0.007 0.008
0 0.502 0.882 0.006 0.012
1 0.484 0.245 0.039 0.060
0 0.536 0.255 0.016 0.011
