1 0.049 0.157 0.052 0.069
0 0.188 0.260 0.025 0.029
1 0.266 0.073 0.033 0.067
2 0.412 0.284 0.076 0.164
0 0.121 0.435 0.012 0.018
2 0.164 0.547 0.081 0.100
1 0.041 0.559 0.067 0.066
0 0.119 0.881 0.032 0.055
2 0.351 0.815 0.057 0.099
1 0.313 0.877 0.045 0.077
1 0.324 0.963 0.055 0.071
2 0.740 0.541 0.259 0.348
1 0.567 0.600 0.049 0.073
1 0.491 0.458 0.077 0.105
0 0.408 0.474 0.019 0.034
2 0.370 0.495 0.059 0.065
2 0.500 0.127 0.186 0.253
2 0.706 0.147 0.158 0.292
0 0.594 0.275 0.013 0.015
2 0.781 0.844 0.057 0.112
