1 0.472 0.148 0.132 0.205
2 0.332 0.133 0.185 0.266
0 0.439 0.485 0.011 0.019
0 0.352 0.550 0.007 0.014
1 0.368 0.610 0.042 0.054
0 0.281 0.958 0.012 0.014
0 0.262 0.955 0.016 0.014
0 0.240 0.946 0.012 0.021
0 0.283 0.994 0.009 0.013
1 0.425 0.960 0.059 0.081
1 0.372 0.847 0.034 0.053
1 0.416 0.822 0.072 0.107
1 0.474 0.883 0.036 0.068
1 0.508 0.930 0.054 0.081
0 0.537 0.857 0.025 0.025
0 0.850 0.720 0.030 0.050
1 0.672 0.393 0.026 0.040
0 0.500 0.399 0.013 0.014
0 0.633 0.925 0.031 0.032
1 0.642 0.962 0.039 0.065
0 0.437 0.430 0.008 0.015
